00000000000000000000000000010011
00000000101000000000000010010011
00000001011000000000000100010011
11111111011000000000000110010011
00000000000000000000000000110011
00000000000000000000000000110011
00000000000000000000000000110011
00000000000000000000000000110011
00000000000000000000000000110011
00000000000000000000000000110011
01000000001100010000001000110011
00000000001100010000001010110011
01000000001000011000110110110011
00000000001000011000111000110011
00000000001100001100001100110011
00000000000000000000000000110011
00000000000000000000000000110011
00000000010000101110001110110011
00000000000000000000000000110011
00000000000000000000000000110011
00000000011100001111010000110011
00000000000000000000000000110011
00000000000000000000000000110011
00000000100001000001010010110011
00000000000000000000000000110011
00000000000000000000000000110011
00000000100000011101010100110011
01000000100000011101010110110011
00000000001100001010011000110011
00000000001100001011011010110011
00000000000000000000000000110011
00000000000000000000000000110011
00000000000000000000000000110011
00000000000000000000000000110011
00000000000000000000000000110011
00000000000000000000000000110011
00000000101000011010011100010011
00000000101000011011011110010011
01011010010100111100100000010011
01011010010100111110100010010011
01011010010100111111100100010011
00000000100010000001100110010011
00000000010000011101101000010011
01000000010000011101101010010011
00001010110000000000111110010011
00001011000101000010000000100011
00001011010001000010001000100011
00001011010101000010010000100011
11111111000100000010111000100011
11111111000100000010110000100011
11111111110011111000101100000011
00000000000011111001101110000011
00000000010011111010110000000011
11111111110000000100110010000011
11111111100000000101110100000011
00000000000000000000000000110011
00000000000000000000000000110011
00000000000000000000000000110011
00000000000000000000000000110011
00000000000000000000000000110011
00000000000000000000000000110011
00000000000100001000001000110011
00000000010000100000001010110011
01000000010000101000001100110011
00000000000000000000000000010011
00000000000000000000000000010011
00000000011000110000001110110011
00001100010000000010010000100011
00001010100000000010010000000011
00000000100001000000010010110011
00000000100101001000010010110011
00001100100000000010010100000011
00001100101000000010100000100011
00001101000000000010010110000011
